0.163584
0.163840
0.163424
0.163264
0.159744
0.160800
0.153952
0.158016
0.162432
0.159520
0.159744
0.165856
0.151008
0.164192
0.159744
0.160768
0.160928
0.158432
0.147456
0.161472
0.154944
0.162592
0.160384
0.158720
0.163360
0.159328
0.153600
0.144320
0.169344
0.161792
0.158112
0.151264
0.159744
0.157696
0.167936
0.163840
0.157696
0.159776
0.162176
0.140800
0.166688
0.159648
0.157696
0.150528
0.159552
0.148608
0.136448
0.105152
0.156256
0.167936
0.165408
0.159392
0.144416
0.134720
0.104640
0.114464
0.152320
0.160096
0.156192
0.149792
0.144096
0.099488
0.115296
0.165600
0.165632
0.159744
0.163840
0.163840
0.153728
0.160128
0.161792
0.169984
0.152544
0.160800
0.164256
0.153952
0.164512
0.159904
0.167744
0.159392
0.153888
0.155648
0.156384
0.154784
0.153600
0.168128
0.165280
0.156096
0.174080
0.157824
0.155584
0.163296
0.169280
0.153600
0.169024
0.145664
0.161056
0.164128
0.162816
0.157280
0.168576
0.164512
0.148928
0.141536
0.162176
0.173248
0.161088
0.156224
0.157696
0.149184
0.147520
0.099168
0.159424
0.163264
0.153760
0.160000
0.162528
0.140800
0.095104
0.100096
0.157696
0.153600
0.165728
0.147648
0.135168
0.109344
0.116224
0.113504
0.161792
0.153600
0.164384
0.163360
0.156160
0.162144
0.151136
0.158592
0.159296
0.158688
0.161792
0.161792
0.154976
0.154336
0.166048
0.164544
0.159744
0.169248
0.163712
0.156096
0.154432
0.170848
0.157280
0.160800
0.155168
0.157632
0.161760
0.158656
0.159744
0.161568
0.161728
0.169344
0.151552
0.161696
0.149888
0.157696
0.153600
0.166176
0.155680
0.133504
0.166336
0.163840
0.160672
0.159776
0.157920
0.151584
0.150272
0.107296
0.158752
0.147456
0.163136
0.171520
0.158368
0.137216
0.079776
0.106560
0.166112
0.161952
0.164896
0.158080
0.128704
0.104960
0.102336
0.117312
0.151648
0.161856
0.157696
0.163520
0.155648
0.157696
0.158304
0.165888
0.151360
0.160064
0.155648
0.155392
0.155968
0.159744
0.144800
0.152032
0.152096
0.155648
0.156768
0.157696
0.145280
0.165888
0.158592
0.158016
0.163840
0.158400
0.163776
0.153824
0.168224
0.154304
0.162080
0.144288
0.157568
0.151616
0.162304
0.168192
0.157152
0.162016
0.157248
0.135520
0.161184
0.153632
0.159712
0.161632
0.160160
0.144032
0.130368
0.099200
0.156000
0.165888
0.160160
0.154496
0.148160
0.142400
0.106336
0.107360
0.155648
0.154624
0.152224
0.162656
0.130784
0.094240
0.100480
0.119136
0.155936
0.160704
0.141952
0.163840
0.157728
0.163968
0.154016
0.152768
0.168640
0.161792
0.160800
0.155136
0.150208
0.159840
0.161856
0.149504
0.162144
0.163840
0.159840
0.153088
0.159264
0.165952
0.158848
0.163680
0.165888
0.153568
0.161664
0.161728
0.164704
0.157696
0.164864
0.173024
0.157696
0.163936
0.157120
0.163840
0.153216
0.167104
0.153920
0.137568
0.160672
0.141024
0.156576
0.155648
0.165472
0.153760
0.139392
0.100480
0.157696
0.161856
0.154464
0.158912
0.151040
0.130560
0.090528
0.108032
0.159744
0.155744
0.158976
0.148576
0.128064
0.099072
0.108864
0.089824
0.156352
0.160352
0.155648
0.168320
0.154496
0.154016
0.161728
0.160640
0.155584
0.159744
0.162976
0.154304
0.163872
0.159744
0.167936
0.159648
0.166496
0.159744
0.155648
0.154144
0.157952
0.162976
0.153600
0.168320
0.153600
0.158432
0.155744
0.155648
0.156512
0.153920
0.167968
0.152160
0.148032
0.157216
0.155648
0.159744
0.157600
0.170336
0.159680
0.145728
0.159744
0.159584
0.155008
0.158240
0.167456
0.141664
0.128736
0.097248
0.158976
0.156096
0.154784
0.163616
0.164096
0.131104
0.099488
0.112096
0.151808
0.151840
0.137856
0.152064
0.140768
0.101472
0.112576
0.105920