0.157696
0.267360
0.150400
0.158432
0.160224
0.166080
0.190464
0.245056
0.165824
0.174752
0.183904
0.149760
0.180224
0.201056
0.213024
0.252128
0.180224
0.187904
0.178176
0.219136
0.281760
0.243520
0.320576
0.244000
0.204800
0.169984
0.194176
0.172896
0.185216
0.195488
0.185696
0.233472
0.160576
0.152256
0.153984
0.181152
0.171264
0.212384
0.208896
0.280576
0.157696
0.163136
0.216096
0.290848
0.172000
0.197216
0.210496
0.268288
0.153408
0.167680
0.172224
0.165568
0.173856
0.183168
0.188416
0.264672
0.219136
0.178176
0.183072
0.288640
0.298144
0.304224
0.322400
0.387392
0.291616
0.292224
0.162784
0.173888
0.177952
0.171200
0.207104
0.244672
0.180224
0.186080
0.181248
0.196608
0.170688
0.193696
0.212736
0.356800
0.172032
0.292864
0.292416
0.309056
0.214624
0.284992
0.214688
0.237568
0.178560
0.176128
0.178848
0.172544
0.190464
0.191136
0.218592
0.246528
0.157408
0.155104
0.167072
0.171936
0.186496
0.200096
0.247808
0.293888
0.147360
0.160000
0.184448
0.297088
0.273760
0.319072
0.344736
0.413920
0.173216
0.223840
0.162368
0.179936
0.166048
0.188288
0.234240
0.294912
0.168480
0.168224
0.174080
0.183264
0.229376
0.246560
0.257600
0.364480
0.194560
0.306176
0.169888
0.269376
0.274752
0.203968
0.192864
0.213760
0.168256
0.174336
0.200640
0.162592
0.164096
0.182944
0.229376
0.364640
0.170208
0.274176
0.190464
0.184352
0.198304
0.277920
0.214336
0.266240
0.188832
0.165888
0.157696
0.163968
0.177056
0.256800
0.196608
0.252096
0.190336
0.173536
0.233632
0.178816
0.208896
0.332960
0.333984
0.418464
0.184320
0.173536
0.174080
0.167040
0.185824
0.246816
0.295808
0.389856
0.157568
0.175744
0.249280
0.295904
0.319488
0.329888
0.387072
0.515616
0.282880
0.272576
0.147648
0.180224
0.209792
0.214272
0.286752
0.406976
0.161792
0.162976
0.161792
0.153536
0.168384
0.176928
0.204384
0.243872
0.208864
0.183968
0.292864
0.298464
0.180768
0.186368
0.193472
0.233504
0.148640
0.166208
0.186464
0.172032
0.176096
0.190688
0.216000
0.356896
0.172032
0.159744
0.306912
0.279072
0.311584
0.299008
0.215232
0.264192
0.147456
0.178560
0.172032
0.180224
0.185856
0.210400
0.229824
0.288704
0.169984
0.161856
0.262912
0.270336
0.297184
0.235648
0.315584
0.499328
0.161248
0.177792
0.224544
0.187136
0.240640
0.294272
0.409312
0.636928
0.166752
0.175968
0.190272
0.203232
0.243712
0.304000
0.426976
0.750720
0.269248
0.227456
0.169312
0.170208
0.165888
0.188416
0.198208
0.221184
0.157696
0.171264
0.157120
0.177984
0.180224
0.314400
0.299712
0.348032
0.288768
0.279616
0.303104
0.170944
0.173088
0.170848
0.184320
0.230464
0.155008
0.185440
0.163616
0.176800
0.188736
0.302688
0.335488
0.384800
0.298272
0.260096
0.169984
0.162944
0.161984
0.190528
0.234464
0.303520
0.172032
0.178880
0.178048
0.182464
0.186272
0.233376
0.286816
0.404352
0.163744
0.176000
0.189920
0.208128
0.234240
0.299008
0.413824
0.651776
0.175136
0.179200
0.197536
0.206848
0.309248
0.416576
0.677888
1.169408
0.173664
0.152704
0.172032
0.172032
0.166048
0.195328
0.192832
0.239904
0.173088
0.160384
0.177696
0.186272
0.187904
0.181472
0.213184
0.240256
0.180224
0.170688
0.184192
0.184672
0.188608
0.196608
0.198656
0.263168
0.183200
0.183200
0.172864
0.190592
0.178208
0.187872
0.204800
0.262848
0.175872
0.162112
0.176128
0.178176
0.188896
0.191808
0.235328
0.297856
0.175008
0.174176
0.180096
0.196608
0.204512
0.229696
0.298176
0.404032
0.173632
0.186368
0.192512
0.206688
0.229376
0.297696
0.409856
0.648800
0.182176
0.176000
0.212704
0.253504
0.337920
0.474560
0.770272
1.318912