0.276512
0.275424
0.270080
0.276192
0.271680
0.274272
0.263456
0.262048
0.279328
0.267488
0.285760
0.297632
0.279616
0.304416
0.385696
0.575488
0.901888
1.587744
2.944480
5.693376
10.886624
16.389984
30.984928
68.089157
0.276768
0.262144
0.278208
0.290144
0.272640
0.264896
0.248672
0.282624
0.321888
0.270592
0.288384
0.286272
0.296928
0.271712
0.294528
0.401088
0.593952
0.937696
1.737888
3.169248
6.117024
11.176608
19.574753
41.003998
0.276672
0.274784
0.235872
0.276352
0.237344
0.271296
0.241824
0.282240
0.232448
0.243232
0.296416
0.429024
0.281184
0.256576
0.276032
0.352864
0.504480
0.805856
1.348320
2.470528
4.705696
8.385759
15.732896
32.559361
0.250464
0.250944
0.278560
0.371680
0.251072
0.263712
0.374912
0.282432
0.277664
0.288384
0.278912
0.287168
0.247168
0.268288
0.295488
0.372320
0.528992
0.783680
1.453056
2.626336
4.963616
8.601664
16.621473
34.297470
0.257056
0.286912
0.264384
0.268608
0.242880
0.245120
0.269152
0.288032
0.277632
0.275648
0.289664
0.282688
0.283808
0.271232
0.266080
0.393056
0.615808
0.868608
1.555680
2.814400
5.403136
9.132929
17.765793
36.877342
0.283424
0.311104
0.276672
0.278752
0.269856
0.282080
0.267104
0.282464
0.282592
0.268800
0.296064
0.287232
0.274560
0.271456
0.288128
0.385696
0.610016
0.978560
1.778528
3.303808
6.390400
11.817792
20.675360
42.642559