0.244256
0.240096
0.245376
0.255872
0.255168
0.245536
0.209504
0.218400
0.251040
0.238464
0.251712
0.263872
0.242432
0.242912
0.294624
0.391136
0.646528
1.125536
2.034912
3.910176
7.633504
14.176032
22.495169
47.778561
0.235840
0.241440
0.238208
0.237536
0.233440
0.245920
0.243200
0.234112
0.227648
0.211104
0.217920
0.211040
0.229792
0.190112
0.243264
0.304704
0.426336
0.654592
1.127104
2.043296
3.871264
6.120320
10.752993
23.782719
0.220672
0.219232
0.217888
0.217216
0.352352
0.243360
0.244640
0.225568
0.220928
0.335744
0.216800
0.216928
0.251040
0.201088
0.200128
0.272448
0.372896
0.513088
0.843040
1.451872
2.657408
5.018112
7.653856
15.571775
0.231616
0.223776
0.217984
0.243456
0.308544
0.245056
0.248480
0.252256
0.214752
0.350112
0.257696
0.233792
0.208352
0.174080
0.237216
0.270848
0.361056
0.527072
0.858112
1.663872
2.896320
5.328544
8.324480
17.780352
0.239840
0.247712
0.252288
0.251136
0.237376
0.241376
0.221536
0.234912
0.243680
0.248672
0.249440
0.236800
0.231808
0.201792
0.236928
0.281472
0.416160
0.594624
0.964448
1.786912
3.323552
5.795456
9.618273
20.098528
0.240960
0.245760
0.242528
0.234432
0.242848
0.239744
0.205984
0.231104
0.207840
0.239520
0.250304
0.245280
0.253760
0.225696
0.223200
0.336256
0.456384
0.717632
1.263968
2.267488
4.337728
7.932673
12.740416
26.924896