0.145344
0.152448
0.154560
0.157888
0.163424
0.161344
0.155648
0.157792
0.164544
0.160096
0.158560
0.150400
0.138560
0.097056
0.109856
0.135232
0.156512
0.223072
0.338848
0.623424
1.140000
2.151776
4.186944
7.823712
0.150464
0.161792
0.151552
0.147424
0.159744
0.145664
0.150336
0.147456
0.161824
0.161792
0.154464
0.147552
0.131616
0.096768
0.102400
0.113440
0.141152
0.178272
0.276800
0.467584
0.853952
1.559552
3.000800
5.908768
0.161792
0.157344
0.155264
0.154336
0.159616
0.152384
0.150592
0.164864
0.161792
0.155648
0.155264
0.151712
0.128864
0.094368
0.106560
0.106240
0.145248
0.179392
0.271040
0.476640
0.840672
1.562048
3.010976
5.907264
0.157696
0.155168
0.158272
0.162784
0.157856
0.159744
0.159744
0.152896
0.161728
0.157888
0.164736
0.142048
0.128800
0.095712
0.098272
0.106848
0.129344
0.188768
0.256096
0.484672
0.839264
1.558048
2.981152
5.904288
0.145408
0.131616
0.149184
0.158272
0.149760
0.161056
0.153600
0.150368
0.163872
0.161728
0.162816
0.138752
0.130784
0.094400
0.105024
0.112992
0.132800
0.175744
0.264352
0.472064
0.829120
1.555072
3.009728
5.912768
0.161376
0.149984
0.151072
0.154400
0.159136
0.153632
0.153600
0.176992
0.159808
0.162112
0.156672
0.149952
0.121248
0.098912
0.101472
0.114304
0.139520
0.170624
0.261088
0.467264
0.849152
1.549120
3.012896
5.922784