0.246112
0.244352
0.243712
0.241664
0.234496
0.240256
0.238976
0.231424
0.248064
0.247808
0.219360
0.246240
0.194048
0.204032
0.236640
0.286528
0.400544
0.640768
1.087520
1.950080
3.728960
7.241824
14.247936
22.597601
0.211488
0.249952
0.251904
0.241664
0.237792
0.233216
0.230112
0.239232
0.241664
0.241664
0.253536
0.217472
0.219424
0.156512
0.207904
0.232000
0.290176
0.397600
0.681824
1.166752
2.149728
4.103072
7.978144
14.594176
0.240288
0.246304
0.243392
0.248672
0.240896
0.243712
0.235680
0.232736
0.277888
0.250592
0.251072
0.235424
0.223648
0.171136
0.195072
0.227072
0.261408
0.345632
0.572448
0.952320
1.697792
3.146720
6.148800
11.001408
0.245184
0.234976
0.215232
0.249376
0.241664
0.246272
0.237568
0.247712
0.242400
0.243968
0.242464
0.228352
0.183168
0.171040
0.194304
0.224096
0.266528
0.373152
0.575584
0.995008
1.779552
3.371232
6.541760
11.989312
0.245696
0.262144
0.247296
0.213184
0.239616
0.361472
0.234048
0.237568
0.249216
0.243872
0.243968
0.203712
0.262464
0.179584
0.188704
0.240768
0.308480
0.414144
0.643488
1.061152
1.917216
3.618176
6.656352
13.043808
0.245024
0.242176
0.209312
0.226656
0.265152
0.235520
0.234240
0.241728
0.233472
0.235936
0.244256
0.223104
0.207968
0.161440
0.214048
0.224704
0.333888
0.421216
0.676768
1.211360
2.250368
4.321120
8.391776
14.817760