0.233472
0.225536
0.218688
0.224672
0.225696
0.219136
0.225280
0.218560
0.204704
0.218112
0.212320
0.223008
0.192928
0.169664
0.187264
0.206944
0.322048
0.437504
0.759424
1.388384
2.630528
5.071584
9.012992
17.490433
0.225280
0.236576
0.225280
0.196480
0.198464
0.194336
0.221184
0.196672
0.229056
0.221184
0.237248
0.223232
0.202592
0.169280
0.168320
0.199392
0.226208
0.286688
0.488480
0.805184
1.402912
2.642720
5.092608
8.862688
0.200768
0.221248
0.219136
0.234848
0.200224
0.215840
0.224576
0.215040
0.227328
0.218912
0.218272
0.211808
0.193888
0.126912
0.175392
0.190624
0.182272
0.251840
0.362080
0.575712
0.979712
1.818304
3.252640
5.832256
0.207808
0.195232
0.227168
0.227328
0.209600
0.198464
0.197824
0.217824
0.223200
0.210240
0.222592
0.191712
0.188832
0.153888
0.154112
0.145888
0.219232
0.264352
0.401696
0.627552
1.095680
1.966368
3.713824
5.957184
0.219200
0.220512
0.224512
0.198656
0.207264
0.230464
0.216128
0.219424
0.208832
0.201440
0.215392
0.227072
0.181824
0.167360
0.182976
0.185632
0.185760
0.287040
0.436128
0.805376
1.217184
2.233248
4.265920
7.267520
0.225120
0.193280
0.213888
0.223488
0.194112
0.205568
0.221952
0.229376
0.227200
0.197952
0.230656
0.192960
0.212512
0.163616
0.157440
0.191424
0.253920
0.328960
0.497280
0.883648
1.584544
2.897952
5.259456
9.702592