0.151552
0.157696
0.159712
0.166784
0.161984
0.167872
0.159680
0.157696
0.161600
0.141024
0.159616
0.156928
0.131072
0.084288
0.108192
0.133824
0.161760
0.226336
0.345632
0.655424
1.143424
2.135424
4.157568
7.832000
0.166496
0.158272
0.162144
0.163872
0.159744
0.149504
0.159744
0.159744
0.165152
0.157696
0.155040
0.159008
0.129056
0.095904
0.101280
0.119776
0.132512
0.170240
0.280832
0.478624
0.850080
1.577184
3.023968
5.921216
0.153600
0.169280
0.177376
0.142080
0.165376
0.149600
0.137216
0.156064
0.153600
0.157440
0.140096
0.128896
0.136352
0.094784
0.111104
0.109952
0.135360
0.173728
0.284160
0.473792
0.843040
1.569344
3.010624
5.922816
0.158880
0.159744
0.160320
0.157824
0.158144
0.165568
0.155744
0.155712
0.160096
0.153600
0.153888
0.144576
0.129056
0.077632
0.104320
0.122112
0.115712
0.186688
0.286368
0.478496
0.851008
1.575584
3.033728
5.919552
0.159744
0.153600
0.159104
0.155648
0.158240
0.154208
0.137152
0.140768
0.156320
0.160000
0.157632
0.147200
0.142688
0.104800
0.119296
0.115680
0.138528
0.184480
0.269984
0.474720
0.850176
1.587712
3.033408
5.929376
0.151968
0.155680
0.162624
0.157696
0.153856
0.159840
0.155648
0.164064
0.164480
0.153920
0.160288
0.145664
0.128608
0.100000
0.118176
0.116096
0.131936
0.186720
0.274240
0.479872
0.848416
1.576224
3.019296
5.913248