0.181472
0.163040
0.172032
0.190752
0.217024
0.262048
0.488736
1.116256
2.988032
0.170080
0.185632
0.237664
0.196704
0.222784
0.247552
0.420384
1.065216
2.984256
0.186432
0.182880
0.174560
0.195872
0.217312
0.250240
0.424000
1.177440
3.055168
0.161696
0.185120
0.179008
0.180128
0.218816
0.293664
0.481216
1.110208
3.333184
0.165888
0.179680
0.166016
0.194784
0.219136
0.261024
0.445472
1.166368
3.164096
0.182272
0.182592
0.191584
0.206080
0.224352
0.266080
0.380896
1.079392
2.766176
0.180224
0.189888
0.189920
0.201280
0.225024
0.260544
0.399008
0.899296
3.094560
0.173728
0.177888
0.194688
0.199904
0.200896
0.226880
0.387552
1.054720
3.047168
0.178176
0.186976
0.173408
0.177152
0.144096
0.211584
0.367264
1.021984
3.773856
0.157664
0.159328
0.180224
0.172032
0.207712
0.253952
0.558848
1.234944
3.385344
0.189600
0.186592
0.193472
0.208896
0.228064
0.300160
0.574880
1.499968
6.056000
0.182368
0.192512
0.187392
0.200384
0.225856
0.292640
0.534048
1.541888
6.934848
0.184320
0.187104
0.187936
0.192512
0.223104
0.285760
0.518272
1.495968
6.108480
0.186368
0.190208
0.190848
0.200896
0.231424
0.285184
0.543232
1.386848
5.673440
0.184096
0.188416
0.196608
0.181216
0.235872
0.273568
0.500768
1.462880
5.304096
0.185504
0.165216
0.189280
0.203488
0.206624
0.270272
0.496064
1.463456
5.366944
0.162176
0.169952
0.193280
0.167968
0.206560
0.247104
0.486912
1.557216
5.670336
0.186368
0.184768
0.177312
0.175680
0.175776
0.223392
0.486048
1.547392
7.070880
0.190464
0.184288
0.180480
0.200608
0.234144
0.276256
0.531456
1.309600
3.903488
0.183104
0.183072
0.193888
0.200704
0.261280
0.286720
0.606496
1.586304
6.331008
0.182464
0.159904
0.186976
0.187040
0.219008
0.335808
0.778272
2.734624
10.206144
0.161248
0.171488
0.163840
0.192512
0.232640
0.324480
0.736096
2.825184
9.711584
0.170560
0.188416
0.190848
0.200704
0.231488
0.314208
0.746848
2.378112
9.053024
0.198656
0.190464
0.194560
0.178176
0.248384
0.375360
0.723456
2.674944
9.521312
0.180224
0.178624
0.192416
0.177760
0.225664
0.387904
0.756768
2.543296
9.440160
0.179776
0.182240
0.190048
0.190944
0.198016
0.309920
0.756704
3.140064
9.338368
0.186560
0.193920
0.174336
0.150624
0.203424
0.291488
0.774656
3.234784
12.492160
0.187392
0.177760
0.175936
0.192512
0.197472
0.272064
0.560192
1.626592
5.416128
0.181600
0.199904
0.191072
0.198944
0.239616
0.288960
0.649184
1.814528
7.088736
0.191456
0.188608
0.186432
0.204800
0.234144
0.349952
0.806976
2.727168
10.927296
0.165696
0.187840
0.168864
0.202752
0.256000
0.408608
1.219808
4.593984
17.355968
0.196608
0.186368
0.192128
0.200704
0.260800
0.401440
1.215456
4.471328
17.434080
0.183904
0.184608
0.174080
0.186016
0.254496
0.408800
1.200928
4.487104
18.109535
0.180224
0.190016
0.188832
0.196032
0.238752
0.407104
1.313696
4.755232
17.857952
0.199072
0.190464
0.185824
0.181056
0.226592
0.372608
1.378976
6.129568
18.292160
0.172800
0.173600
0.178944
0.179552
0.193632
0.378176
1.305312
5.539232
23.732416
0.161632
0.166592
0.169664
0.200704
0.223232
0.338944
0.711392
2.307232
8.164768
0.183872
0.184320
0.165888
0.188416
0.224864
0.353888
0.852288
2.699264
10.036864
0.184320
0.176704
0.177920
0.202528
0.234112
0.385504
0.982944
3.374592
13.785056
0.180224
0.164224
0.196736
0.221184
0.229376
0.449696
1.368224
5.238112
20.187040
0.180512
0.167936
0.187168
0.218016
0.300512
0.619968
2.312544
8.543104
35.700607
0.166496
0.195488
0.193280
0.200960
0.285408
0.654176
2.183200
9.004864
35.785152
0.184192
0.185920
0.192608
0.224000
0.281024
0.645536
2.587136
9.162144
35.979904
0.170848
0.170208
0.207808
0.207552
0.321376
0.622208
2.501984
11.357920
36.948578
0.197056
0.185120
0.194272
0.175616
0.213344
0.622400
2.604032
11.316768
45.678593
0.181824
0.182176
0.192160
0.204288
0.241408
0.410688
1.044480
3.819968
13.690464
0.183296
0.162784
0.182272
0.187328
0.266144
0.444416
1.153632
3.923520
15.828224
0.179712
0.187328
0.192640
0.219104
0.270336
0.445856
1.389120
5.050272
18.704960
0.180704
0.204800
0.197248
0.222560
0.305152
0.573760
1.747232
6.609984
24.385088
0.186880
0.190592
0.187680
0.206944
0.364672
0.753632
2.537120
10.257408
40.802944
0.186368
0.178016
0.178304
0.246496
0.426240
1.164992
3.992640
17.821440
71.634781
0.196608
0.191232
0.213760
0.220704
0.402240
1.128000
4.998112
17.670113
70.280319
0.181696
0.180224
0.206848
0.238368
0.386304
1.087296
5.100576
21.532255
70.762337
0.194560
0.200288
0.190144
0.239744
0.374528
1.093184
5.085920
21.336351
88.474113
0.161664
0.193216
0.189664
0.210944
0.275232
0.552960
1.767968
6.538240
24.807808
0.186912
0.182336
0.190464
0.219840
0.305312
0.626720
1.882336
6.862848
26.794912
0.182272
0.190240
0.181952
0.249568
0.323584
0.655360
2.053600
7.862496
30.166719
0.184512
0.171872
0.178528
0.249856
0.390816
0.803584
2.534048
9.675648
35.960575
0.186368
0.167936
0.210944
0.278528
0.511680
1.131776
3.457312
13.880704
52.012703
0.201824
0.189184
0.210528
0.297856
0.555520
1.655520
5.584800
21.562208
83.293282
0.190592
0.198688
0.221184
0.310816
0.604672
1.951008
8.998048
31.961184
135.227707
0.197696
0.202336
0.217376
0.297408
0.616960
1.982336
9.424736
40.455070
141.272415
0.195008
0.202272
0.204448
0.257760
0.470144
1.539488
7.011360
30.030945
172.809540
0.170688
0.185440
0.173696
0.232480
0.324800
0.718848
2.334784
8.707072
33.669762
0.188224
0.194336
0.182688
0.257280
0.384160
0.981760
3.346880
12.425632
49.076736
0.182560
0.193056
0.215296
0.273696
0.462464
1.117152
3.557600
13.616256
52.725185
0.183904
0.198912
0.216928
0.329120
0.570368
1.306624
4.191168
15.544128
59.080032
0.179072
0.200704
0.225280
0.332192
0.776192
1.739392
5.480768
20.342367
76.321503
0.196704
0.200448
0.230784
0.349120
0.813632
2.732320
8.108608
29.341951
109.962654
0.178176
0.212992
0.249856
0.379232
0.907904
3.154912
14.274304
45.901665
170.534012
0.181696
0.182176
0.232960
0.335936
0.845056
2.966720
13.764864
62.042145
203.797638
0.180480
0.209216
0.202560
0.306272
0.767616
2.963296
13.924864
60.366402
307.870667
0.196576
0.188000
0.200704
0.259296
0.450560
1.208320
4.356128
16.725760
65.530655
0.200512
0.195584
0.225280
0.309920
0.566656
1.718400
6.152192
23.660543
93.806847
0.188384
0.211168
0.248000
0.320864
0.589888
1.552384
5.123136
19.592672
76.129982
0.168576
0.203040
0.288480
0.389120
0.719648
1.757344
5.631104
20.580959
78.086205
0.198560
0.209056
0.235520
0.395808
0.971136
2.325184
6.911008
24.387104
109.469986
0.199232
0.218816
0.256000
0.488992
1.341824
4.836384
13.463904
44.591042
160.818115
0.188544
0.194208
0.239616
0.398720
1.083456
3.793024
16.159840
48.037823
202.267975
0.202080
0.217280
0.270176
0.443072
1.215072
4.444256
19.797152
84.818336
264.597595
0.207232
0.207744
0.249568
0.477824
1.478464
5.970496
28.166847
165.652893
501.783783
0.204800
0.181152
0.188032
0.179936
0.199808
0.227328
0.458912
0.870368
2.250752
0.155648
0.163840
0.182592
0.195328
0.217088
0.262208
0.416960
1.083520
2.839904
0.184320
0.174272
0.185760
0.200608
0.226400
0.273696
0.449920
1.198720
2.907104
0.190464
0.192512
0.189920
0.207360
0.233568
0.276544
0.443904
1.368352
2.954688
0.157152
0.163936
0.166368
0.176128
0.214528
0.268800
0.437952
1.155232
3.031136
0.188512
0.191456
0.165440
0.192416
0.228224
0.257024
0.389824
1.041792
2.786784
0.178176
0.195136
0.166016
0.203232
0.230336
0.249408
0.377536
0.803776
2.603040
0.182272
0.167744
0.191680
0.183744
0.210688
0.210912
0.390944
1.089696
2.898368
0.184320
0.184320
0.164032
0.183520
0.169920
0.201632
0.356096
1.025920
3.148960
0.176896
0.219904
0.182528
0.192448
0.215456
0.256704
0.543552
1.060864
3.186272
0.188416
0.196608
0.186176
0.199488
0.246048
0.308384
0.537472
1.349344
4.346752
0.176128
0.190912
0.185440
0.194528
0.239616
0.276480
0.512032
1.459712
4.611136
0.189088
0.182272
0.195840
0.176128
0.243712
0.286336
0.532832
1.411424
4.677184
0.182208
0.160128
0.169984
0.202560
0.228352
0.266432
0.524256
1.245920
4.008960
0.182912
0.186368
0.162176
0.190464
0.226688
0.288736
0.509472
1.277536
3.964416
0.199072
0.186496
0.171008
0.174720
0.200672
0.260384
0.455040
1.420832
4.434368
0.185408
0.198656
0.193632
0.192992
0.217056
0.216416
0.438464
1.185024
4.115456
0.184192
0.182272
0.188192
0.171008
0.172800
0.199552
0.483072
1.291136
4.423680
0.178976
0.178656
0.176000
0.195296
0.211712
0.248704
0.513920
1.040384
3.585536
0.181408
0.185120
0.192512
0.188416
0.264832
0.288384
0.578112
1.327648
4.268352
0.162144
0.183648
0.182528
0.200704
0.248288
0.289856
0.786432
2.046560
8.865248
0.194496
0.182272
0.182272
0.198880
0.244768
0.297600
0.724320
2.043328
8.608512
0.184448
0.188416
0.181824
0.174080
0.213120
0.326528
0.695296
2.034240
7.617728
0.163840
0.192000
0.189536
0.198656
0.254272
0.327040
0.721760
2.284768
9.442112
0.188416
0.164128
0.174080
0.180896
0.226688
0.329120
0.638880
2.005504
9.075552
0.155648
0.165888
0.169696
0.190496
0.207328
0.295648
0.652256
2.165824
8.853088
0.176224
0.201088
0.176704
0.167008
0.176640
0.275616
0.656800
2.186688
9.481216
0.182336
0.187296
0.188416
0.191840
0.233024
0.278240
0.532480
1.273856
3.954688
0.165824
0.182272
0.169504
0.196384
0.258432
0.260928
0.601760
1.414528
4.783968
0.187008
0.186976
0.187456
0.198656
0.235520
0.325952
0.714688
2.071232
9.097440
0.196544
0.188640
0.188416
0.207456
0.263168
0.352832
1.024864
4.184768
14.996384
0.192800
0.190240
0.196608
0.174080
0.243648
0.375936
1.036416
3.778944
15.797760
0.196608
0.186304
0.183296
0.184320
0.258528
0.380512
0.899904
3.694400
17.659904
0.186592
0.193952
0.184128
0.215360
0.244096
0.374304
1.105600
3.664896
16.078016
0.190464
0.190880
0.199808
0.193312
0.221696
0.331456
1.035008
4.417056
15.736032
0.192512
0.195712
0.183200
0.184256
0.188384
0.332544
0.994656
4.063424
18.505472
0.186368
0.188192
0.172480
0.193120
0.237312
0.305216
0.471488
1.423008
4.907648
0.245760
0.190464
0.184960
0.171488
0.231776
0.294912
0.657728
1.732608
5.470432
0.184320
0.163616
0.169984
0.178848
0.244064
0.321504
0.747840
2.205440
9.629888
0.183936
0.177984
0.190464
0.205312
0.247520
0.365280
1.103648
4.168992
16.620192
0.185600
0.189696
0.167936
0.191616
0.282272
0.532800
1.818528
6.906592
29.530880
0.194560
0.195680
0.176544
0.210944
0.272608
0.544480
1.860768
7.138144
30.975136
0.161984
0.200128
0.196608
0.208352
0.285280
0.543808
1.796960
7.251776
30.662369
0.204320
0.194528
0.190304
0.208000
0.254624
0.480640
1.825184
7.905408
29.776480
0.206880
0.175392
0.171040
0.195104
0.220512
0.471072
1.917536
8.332736
36.272800
0.194528
0.186016
0.196608
0.200704
0.241504
0.291008
0.557056
1.923616
6.897664
0.182272
0.165824
0.196736
0.182816
0.234176
0.313152
0.754048
2.316288
7.720192
0.189632
0.186688
0.196832
0.199360
0.219424
0.345856
0.944832
3.002368
11.683040
0.198976
0.181792
0.189568
0.209312
0.260320
0.444704
1.120480
4.775168
18.611328
0.167936
0.192512
0.194560
0.231424
0.306880
0.551488
1.806784
7.559456
31.519072
0.172032
0.197024
0.211648
0.233216
0.375360
0.911552
3.206432
13.852384
63.879425
0.188544
0.192256
0.217088
0.231392
0.374560
0.900704
3.552544
13.895488
57.402882
0.188416
0.202496
0.221984
0.245408
0.339520
0.844864
3.601472
15.893216
60.639103
0.195648
0.179840
0.205248
0.222592
0.315744
0.849248
3.559936
15.620000
63.889664
0.187104
0.190464
0.190464
0.206944
0.264000
0.363808
0.821184
3.022144
11.166016
0.192032
0.182272
0.193728
0.213952
0.250912
0.389120
0.981856
3.346432
11.963456
0.165888
0.180224
0.166784
0.209056
0.264608
0.442016
1.196256
4.112192
16.072512
0.175968
0.191744
0.189120
0.205600
0.286720
0.519776
1.544736
5.730688
23.215584
0.183968
0.196608
0.170464
0.239968
0.372128
0.769504
2.266880
8.815424
36.425919
0.200640
0.180800
0.194912
0.245760
0.427264
1.112224
3.806784
15.338912
69.054626
0.169312
0.184320
0.224896
0.257440
0.552032
1.607360
7.018784
29.450592
115.448959
0.194112
0.204544
0.191648
0.219456
0.400704
1.158144
5.000800
22.347967
109.599457
0.201728
0.208352
0.196288
0.235488
0.442336
1.325280
6.030784
27.674751
127.050819
0.192800
0.183680
0.178304
0.192544
0.226336
0.415104
1.056864
3.745344
13.953184
0.186784
0.186208
0.194272
0.220864
0.287328
0.544480
1.662976
5.436512
20.451937
0.190112
0.194528
0.204800
0.217152
0.331776
0.640480
1.850048
6.286720
24.904224
0.186752
0.188416
0.202752
0.235520
0.392160
0.769504
2.354720
8.152000
32.110847
0.167936
0.174080
0.188064
0.272480
0.494976
1.014464
3.207488
11.870560
46.508766
0.169536
0.195648
0.211008
0.279648
0.563872
1.604224
5.077216
18.777727
77.914497
0.196544
0.204928
0.218528
0.301600
0.636512
2.027328
8.565536
32.790943
128.824066
0.209248
0.215040
0.212512
0.358560
0.890272
2.964224
13.376608
62.179935
232.292450
0.196064
0.212672
0.219904
0.287712
0.624320
2.136928
9.697440
44.932255
248.317856
0.179776
0.186528
0.194560
0.218880
0.275904
0.609792
1.806336
6.784736
25.853472
0.163008
0.194240
0.225056
0.245472
0.369856
0.851968
2.796512
9.789440
37.388542
0.188416
0.200896
0.221120
0.251904
0.408416
0.987136
3.070400
10.873184
42.093662
0.198944
0.194720
0.227328
0.319008
0.536320
1.224704
3.780512
12.983904
50.566078
0.167936
0.198624
0.224896
0.333824
0.750048
1.668768
4.978752
17.427999
66.812416
0.198784
0.189152
0.221184
0.347008
0.806208
2.638336
7.417280
26.663712
101.096542
0.204864
0.204800
0.223744
0.321664
0.707232
2.252704
9.279936
31.317375
141.563034
0.178176
0.192224
0.231648
0.359552
0.838656
2.833312
12.651104
56.686752
249.748550
0.191584
0.225888
0.253408
0.406336
1.117600
4.113152
19.540001
110.053696
405.350159
0.167936
0.184320
0.192160
0.174080
0.221632
0.227488
0.405504
1.073952
2.316064
0.195552
0.186368
0.180224
0.200480
0.236832
0.269088
0.423936
1.226560
3.158080
0.185504
0.186560
0.190304
0.197408
0.240352
0.280192
0.456096
1.319840
3.275744
0.182336
0.170464
0.187200
0.202752
0.233504
0.282112
0.479264
1.525632
3.503712
0.189984
0.190400
0.192544
0.194112
0.239232
0.264000
0.461664
1.340960
3.119840
0.186368
0.189216
0.191360
0.210848
0.242496
0.247584
0.377088
1.112384
2.671840
0.179072
0.188800
0.198304
0.181696
0.225888
0.231968
0.363456
0.836256
2.674656
0.188192
0.165888
0.194816
0.197088
0.207328
0.178144
0.360800
1.069312
2.781600
0.184768
0.204128
0.171136
0.181728
0.170272
0.197792
0.378304
1.141344
3.113536
0.155648
0.192512
0.184448
0.201536
0.213600
0.233472
0.505856
1.232896
3.178496
0.172032
0.165888
0.191680
0.205024
0.236704
0.291104
0.583360
1.357824
4.096896
0.186368
0.175552
0.190944
0.177408
0.238016
0.275904
0.516672
1.429056
4.321312
0.165216
0.200800
0.167040
0.202752
0.229376
0.286720
0.566880
1.437504
4.556832
0.172032
0.182272
0.206304
0.186528
0.233344
0.279968
0.566656
1.203104
3.931488
0.191296
0.187040
0.198272
0.190528
0.235040
0.285824
0.498752
1.416672
3.968224
0.193600
0.182112
0.190464
0.201632
0.222912
0.251680
0.443488
1.580448
4.449248
0.174752
0.186368
0.189312
0.191488
0.210336
0.212224
0.435328
1.272832
4.087104
0.190336
0.185024
0.192320
0.177888
0.171168
0.223360
0.437088
1.275040
4.064128
0.179360
0.188416
0.196480
0.199616
0.243296
0.253952
0.516096
1.026752
3.491936
0.158976
0.179072
0.170048
0.192384
0.235040
0.288768
0.626656
1.247328
3.958368
0.189760
0.182496
0.190592
0.200032
0.239520
0.310304
0.795616
2.057024
6.961056
0.171264
0.181888
0.171776
0.198688
0.247968
0.294592
0.758432
2.197248
6.754528
0.178176
0.184160
0.190464
0.191232
0.236352
0.326208
0.701408
1.966464
6.572064
0.190464
0.187168
0.198464
0.179776
0.245696
0.340832
0.707584
2.290816
6.988288
0.190464
0.183072
0.181888
0.182816
0.233568
0.308608
0.654752
1.911424
6.667648
0.186272
0.185024
0.196640
0.197536
0.182112
0.291968
0.666112
1.896384
6.446336
0.183168
0.186688
0.182688
0.171712
0.167168
0.295712
0.654240
2.065696
6.948416
0.188288
0.196608
0.171840
0.180448
0.245760
0.313504
0.494688
1.075584
3.279648
0.197280
0.185792
0.183968
0.194816
0.237760
0.286720
0.585760
1.370176
3.980000
0.163840
0.167680
0.172128
0.199008
0.249664
0.331136
0.663552
1.999712
7.086304
0.190464
0.191104
0.185024
0.203488
0.240672
0.382880
0.979136
3.335936
12.261536
0.173696
0.171104
0.182272
0.200064
0.248192
0.379488
0.962368
3.240672
12.331968
0.187520
0.192832
0.192512
0.202752
0.277152
0.376832
0.899840
3.084576
12.801024
0.184320
0.195136
0.186368
0.202272
0.233760
0.350784
0.956480
3.121952
12.460992
0.194720
0.170272
0.196832
0.175328
0.196480
0.308896
0.963968
3.325888
12.078496
0.185056
0.195072
0.185184
0.192352
0.175264
0.299008
0.934784
3.217568
14.109408
0.186464
0.162592
0.183456
0.176128
0.233472
0.315392
0.459232
1.077760
3.674272
0.191968
0.178784
0.184928
0.192672
0.234624
0.264064
0.620832
1.469056
4.501152
0.188416
0.169312
0.190304
0.203168
0.242272
0.327008
0.674784
2.026432
7.161184
0.188416
0.171488
0.194464
0.199296
0.243712
0.375968
1.010720
3.375680
12.997280
0.200576
0.181728
0.170592
0.210944
0.292864
0.529056
1.631712
5.763616
22.599585
0.191552
0.200608
0.192512
0.225792
0.290816
0.577408
1.644960
5.891296
22.831520
0.178464
0.201792
0.202752
0.226496
0.288000
0.510432
1.471680
5.983360
22.322048
0.186368
0.193696
0.185888
0.210112
0.278048
0.450656
1.522272
6.215232
23.500193
0.186400
0.175168
0.185280
0.166912
0.206240
0.421216
1.613248
6.185984
24.974144
0.181056
0.166720
0.192512
0.190464
0.219232
0.296288
0.458176
1.379520
4.747264
0.184320
0.167488
0.196800
0.208896
0.235232
0.301056
0.600064
1.652960
5.412288
0.187168
0.186720
0.192224
0.200704
0.224448
0.298752
0.737280
2.310016
7.819520
0.183392
0.186208
0.196608
0.198656
0.248800
0.385024
0.983872
3.274368
13.719808
0.188576
0.186240
0.190464
0.240224
0.293728
0.521440
1.632960
6.043456
24.309952
0.183744
0.173984
0.197632
0.225824
0.385856
0.795104
2.840768
10.763936
44.368736
0.193248
0.193824
0.203712
0.232704
0.360320
0.772640
2.919712
11.367648
44.017887
0.200480
0.196608
0.186592
0.233120
0.327040
0.739264
2.928640
12.371456
45.211105
0.183872
0.193856
0.199328
0.189920
0.290336
0.761728
2.838144
11.854880
48.285343
0.180224
0.180224
0.190688
0.208832
0.237024
0.315392
0.562208
1.624064
6.903808
0.177248
0.190272
0.192512
0.212832
0.235264
0.329664
0.623264
2.211584
7.583008
0.184320
0.182272
0.192512
0.218944
0.260224
0.374112
0.869792
2.732544
10.002048
0.184320
0.165312
0.198464
0.225280
0.280576
0.450560
1.152224
3.839936
16.255199
0.184224
0.190464
0.195072
0.233856
0.309184
0.613792
1.716064
6.540576
26.613119
0.173760
0.175840
0.200224
0.220384
0.379168
0.905280
3.020000
11.529152
47.721313
0.181536
0.196640
0.190464
0.269760
0.496640
1.346304
5.584480
23.427616
88.264481
0.256000
0.200704
0.203744
0.252736
0.430016
1.136608
4.658112
20.693792
73.755615
0.175264
0.178624
0.200864
0.223648
0.382336
1.076960
4.610528
19.800287
79.216797
0.161824
0.178176
0.171712
0.184320
0.239232
0.296480
0.661696
2.148800
8.661344
0.157824
0.187488
0.212544
0.212000
0.258048
0.387328
0.940704
3.348480
11.894880
0.184000
0.227328
0.217440
0.229504
0.272736
0.438880
1.179648
3.938080
14.510432
0.172256
0.174240
0.189984
0.241664
0.310496
0.551232
1.613248
5.121728
20.333023
0.174080
0.193024
0.206848
0.246624
0.373088
0.755008
2.223648
8.056928
31.818975
0.192512
0.203392
0.206848
0.245760
0.435776
1.133856
3.682464
13.351328
54.154846
0.198432
0.210528
0.229248
0.279648
0.530624
1.612608
6.469664
25.790367
95.509758
0.208864
0.194304
0.203104
0.333440
0.790240
2.542848
10.752384
47.243809
172.063843
0.197696
0.202432
0.206624
0.291072
0.556704
1.832320
7.872352
35.051552
175.599548
0.188960
0.174336
0.188128
0.213952
0.245760
0.397312
1.058912
3.644736
14.641024
0.163296
0.201728
0.185344
0.210592
0.272384
0.549152
1.496608
5.622752
20.906816
0.181696
0.202208
0.192608
0.253568
0.333824
0.632832
1.831552
6.304832
23.552864
0.200064
0.190496
0.212960
0.266048
0.363200
0.788320
2.284352
7.639136
30.020000
0.198944
0.209376
0.212832
0.247808
0.501536
1.078496
3.144096
10.893824
42.461506
0.196608
0.206976
0.188448
0.280576
0.561856
1.635104
4.827104
17.714527
65.157249
0.199904
0.204928
0.205216
0.298176
0.653824
2.033088
8.294624
30.688448
109.642334
0.174080
0.189024
0.197120
0.320832
0.674080
2.142496
9.011648
39.057442
175.133179
0.215040
0.208608
0.221952
0.355296
0.955392
3.477760
15.650464
67.992096
304.110107
0.180256
0.156960
0.180608
0.190464
0.217056
0.250304
0.555008
0.989184
3.079424
0.164544
0.193984
0.194720
0.185664
0.248224
0.272384
0.473088
1.362784
3.935584
0.183520
0.188416
0.197792
0.209696
0.237568
0.299936
0.471040
1.378016
3.824704
0.197792
0.188352
0.204800
0.205664
0.248352
0.307200
0.454144
1.515904
3.542368
0.197984
0.169984
0.196992
0.204800
0.219136
0.295424
0.499648
1.245888
4.176704
0.194624
0.188000
0.194848
0.211040
0.243392
0.265920
0.414880
1.182624
3.004352
0.198944
0.163840
0.178176
0.204288
0.214432
0.259488
0.389888
0.872416
3.110656
0.176128
0.196608
0.197728
0.203168
0.216288
0.229088
0.421920
1.185600
3.054944
0.194208
0.185184
0.197888
0.183232
0.182688
0.242080
0.421024
1.178336
3.493536
0.184320
0.184320
0.197984
0.204064
0.250496
0.294752
0.669696
1.360160
4.571104
0.168928
0.199072
0.190528
0.215456
0.235520
0.294912
0.581632
1.507136
4.479296
0.169376
0.202752
0.209152
0.187360
0.217152
0.274432
0.496640
1.474016
4.989056
0.172032
0.190208
0.192512
0.208896
0.236064
0.290752
0.490144
1.693536
5.336096
0.194112
0.194560
0.193792
0.210944
0.253952
0.295296
0.542816
1.359872
4.938432
0.180448
0.194816
0.192384
0.210880
0.241664
0.316896
0.525888
1.473824
4.370432
0.167904
0.189088
0.189824
0.208928
0.248384
0.257056
0.436480
1.759520
4.339872
0.184864
0.195744
0.174368
0.190208
0.209312
0.225696
0.462208
1.210720
4.370400
0.159616
0.173216
0.195840
0.186464
0.165152
0.237536
0.445056
1.376032
4.447264
0.176032
0.175776
0.190208
0.217216
0.242560
0.274432
0.610400
1.608032
2.998272
0.192608
0.200704
0.191104
0.207520
0.263520
0.313344
0.638976
1.495424
3.265536
0.165056
0.199296
0.193664
0.207296
0.217152
0.335328
0.821248
2.102304
6.760704
0.174336
0.157632
0.188416
0.207168
0.255296
0.305152
0.765984
2.268832
6.405600
0.190016
0.167936
0.176128
0.194592
0.245760
0.332544
0.665888
2.094400
6.185056
0.164352
0.194560
0.196480
0.184608
0.265760
0.332640
0.715232
2.310400
6.754048
0.167840
0.164736
0.174368
0.192096
0.232256
0.308000
0.669056
1.824704
6.269696
0.163360
0.165760
0.196896
0.191904
0.214240
0.301952
0.657472
1.878752
5.930592
0.188096
0.188800
0.185504
0.185120
0.198880
0.296288
0.639840
1.975872
7.001760
0.194400
0.190464
0.194624
0.204800
0.245824
0.313728
0.614784
1.130272
2.918400
0.187712
0.183136
0.192416
0.199072
0.249312
0.270784
0.661504
1.471968
3.508960
0.186368
0.191008
0.200704
0.184256
0.248288
0.328064
0.722208
1.705504
6.497536
0.192512
0.168416
0.194368
0.210944
0.232000
0.374464
1.019616
3.321024
11.697888
0.186240
0.190784
0.198656
0.232480
0.257024
0.372192
0.967584
3.188224
12.478848
0.186336
0.177376
0.188320
0.202752
0.267008
0.363008
0.901312
2.786912
11.409216
0.184480
0.186368
0.196736
0.210656
0.247744
0.352736
0.961248
2.822272
11.135584
0.191072
0.194592
0.194528
0.199808
0.231840
0.291104
0.933536
3.107392
11.308320
0.179680
0.203872
0.184672
0.182816
0.186592
0.327712
0.976032
3.048736
11.360512
0.186432
0.190464
0.190272
0.198656
0.219712
0.311776
0.564960
1.120064
3.207328
0.194560
0.182272
0.204800
0.204544
0.235840
0.290816
0.673792
1.378208
3.770688
0.191040
0.189664
0.184320
0.182784
0.222048
0.321536
0.736800
1.826016
6.704224
0.190560
0.161792
0.197632
0.189024
0.246176
0.365920
0.892736
3.085792
12.341728
0.188416
0.163584
0.194560
0.213184
0.284896
0.531520
1.531136
5.426720
21.169409
0.189408
0.191296
0.175904
0.218400
0.277024
0.538944
1.592448
5.555904
21.721632
0.192960
0.198752
0.194624
0.226176
0.268768
0.497024
1.458464
5.650624
21.797695
0.194560
0.190464
0.200416
0.222240
0.260000
0.424832
1.470144
6.005728
21.228289
0.208576
0.192256
0.172608
0.172992
0.225120
0.454912
1.571328
5.704960
22.807455
0.178624
0.207584
0.207232
0.205408
0.234816
0.367264
0.628256
1.398784
3.341024
0.185344
0.198656
0.192512
0.204800
0.243840
0.368544
0.639680
1.460224
4.538560
0.188416
0.184896
0.197184
0.207520
0.236320
0.395264
0.727872
2.003264
6.544672
0.185888
0.186368
0.195456
0.229312
0.243712
0.395264
0.839872
2.970240
12.081760
0.193088
0.196800
0.190208
0.223136
0.291424
0.510848
1.507776
5.850464
21.511616
0.195456
0.199776
0.204064
0.231520
0.393088
0.795136
2.849280
10.323424
43.379551
0.172032
0.191552
0.183712
0.208672
0.327360
0.751488
2.805568
10.768384
41.571648
0.208864
0.173184
0.208800
0.228160
0.324832
0.743808
2.807072
11.129344
44.077278
0.196608
0.177536
0.206880
0.192384
0.291104
0.737376
2.784640
10.936288
43.532383
0.167648
0.178592
0.195680
0.215360
0.286720
0.374784
0.651360
1.353824
4.981024
0.166528
0.180224
0.178208
0.209984
0.296960
0.394912
0.671744
1.593344
6.339232
0.165792
0.176096
0.196992
0.210944
0.292832
0.417440
0.743776
2.366784
8.342944
0.189792
0.184160
0.201856
0.214720
0.298112
0.427744
0.984480
3.374848
13.854400
0.192608
0.197536
0.200320
0.233472
0.311296
0.543840
1.554144
5.836224
23.752800
0.200384
0.193888
0.178816
0.225920
0.353152
0.825536
2.836320
10.505536
43.440128
0.217088
0.204800
0.217088
0.269600
0.510144
1.382112
5.474784
22.079679
83.758018
0.194560
0.215136
0.219392
0.251584
0.451488
1.160288
4.795840
19.375776
73.499359
0.195296
0.180352
0.216096
0.224640
0.414976
1.158880
4.811584
19.165089
87.293884
0.181664
0.188736
0.189952
0.237888
0.254208
0.366656
0.661568
1.887808
7.178816
0.188416
0.186336
0.190720
0.214720
0.287200
0.401440
0.798464
2.485088
9.769248
0.183840
0.192512
0.177984
0.240640
0.295136
0.448512
0.922048
3.247904
11.844320
0.166176
0.170144
0.213120
0.253888
0.296960
0.461472
1.271360
4.316096
17.782495
0.183392
0.176704
0.183520
0.253568
0.348960
0.615104
1.892320
6.909088
27.758465
0.184416
0.180064
0.218208
0.253952
0.363328
0.908448
3.222368
11.677216
48.387455
0.192992
0.192512
0.202496
0.269472
0.491296
1.425856
5.936384
23.559393
87.268608
0.198720
0.210944
0.225984
0.317248
0.682176
2.226240
8.873984
35.879135
155.530457
0.202752
0.207008
0.217952
0.352064
0.612448
1.914112
8.091584
33.487904
161.572800
0.189472
0.195040
0.188160
0.245568
0.268288
0.380128
0.874336
2.910784
15.733472
0.190464
0.204256
0.212352
0.235520
0.305600
0.477984
1.233824
4.273184
17.029247
0.190528
0.196608
0.214784
0.225344
0.305216
0.520192
1.400384
5.113792
19.187712
0.196608
0.200704
0.215776
0.260000
0.340288
0.616448
1.832480
6.229760
24.517920
0.178080
0.198944
0.215040
0.276160
0.406528
0.822592
2.455936
8.861568
35.239326
0.186304
0.198208
0.208672
0.272160
0.455872
1.204096
3.835488
15.001376
56.503647
0.185088
0.234208
0.219136
0.294720
0.569184
1.724672
6.860032
26.195072
99.010498
0.198816
0.213984
0.230624
0.310720
0.676000
2.170656
9.324672
37.783009
175.017960
0.188608
0.201632
0.245600
0.361760
0.951136
3.439008
15.320128
61.227234
279.787811
0.157536
0.165728
0.200704
0.210944
0.208896
0.264128
0.520064
1.108128
3.390848
0.176128
0.202240
0.203104
0.213536
0.294688
0.394976
0.651552
1.689600
4.294304
0.172544
0.176128
0.207840
0.213120
0.284480
0.398560
0.630784
1.704480
5.864416
0.190016
0.203616
0.210944
0.237568
0.260064
0.396192
0.634496
1.899840
5.122912
0.179744
0.178272
0.184000
0.221696
0.278528
0.395744
0.659936
1.408576
5.002560
0.186112
0.196544
0.190464
0.239072
0.299360
0.403680
0.679424
1.830816
4.892192
0.192928
0.185728
0.191264
0.215904
0.292160
0.348448
0.637920
1.619104
4.859872
0.195200
0.172800
0.212992
0.231328
0.257888
0.349024
0.611488
2.041888
5.921344
0.172320
0.204000
0.185216
0.218528
0.225120
0.335744
0.615936
1.436512
4.154272
0.194144
0.182688
0.202016
0.201376
0.257568
0.305984
0.670848
1.681088
4.730880
0.182496
0.197856
0.202272
0.228160
0.292256
0.401312
0.673888
1.820000
4.495968
0.192448
0.190560
0.206240
0.220064
0.264192
0.403840
0.619936
1.644672
5.676512
0.188608
0.204256
0.216512
0.228960
0.282528
0.387648
0.615104
1.996480
4.878144
0.190016
0.206688
0.227168
0.233472
0.296960
0.386816
0.635840
1.429760
5.186784
0.166912
0.194816
0.212992
0.223232
0.289088
0.382688
0.656736
1.903264
4.884128
0.186720
0.201696
0.200352
0.234880
0.279520
0.356512
0.612128
1.927744
6.093792
0.187008
0.192512
0.209248
0.223712
0.281824
0.333216
0.615616
1.433568
4.009248
0.182560
0.184224
0.205696
0.206912
0.236896
0.345984
0.635232
1.538400
4.191776
0.176960
0.186176
0.189024
0.217696
0.235040
0.296192
0.671744
1.740896
4.638208
0.190688
0.192512
0.188704
0.216032
0.288928
0.396096
0.717568
1.862368
4.895808
0.186560
0.188416
0.209728
0.230880
0.286272
0.378816
0.891008
2.175232
7.937440
0.201472
0.190464
0.208576
0.241120
0.284672
0.378880
0.805536
2.143680
7.557344
0.188608
0.173504
0.185984
0.237344
0.288160
0.405216
0.759328
2.160512
7.402816
0.190624
0.202752
0.211776
0.231552
0.296032
0.392736
0.755296
2.728224
8.402816
0.184992
0.195232
0.215040
0.238816
0.281376
0.378592
0.769472
1.974816
6.895104
0.187680
0.198272
0.201312
0.231552
0.272256
0.346528
0.709600
2.028256
6.520832
0.188416
0.213088
0.202144
0.213120
0.226816
0.326528
0.697856
2.090528
7.667136
0.198592
0.184704
0.196608
0.201984
0.237568
0.325632
0.605728
1.640448
3.062304
0.183392
0.200704
0.204800
0.210944
0.288768
0.390336
0.697856
2.140128
4.117536
0.184320
0.187776
0.204800
0.235456
0.299648
0.412640
0.751392
2.111872
5.881760
0.192512
0.191008
0.226560
0.241120
0.298688
0.410240
1.018592
3.616224
11.871072
0.174272
0.195680
0.215008
0.231776
0.290816
0.408160
0.961536
3.760320
12.915744
0.173184
0.170880
0.205600
0.212448
0.297504
0.388320
0.837920
3.414304
11.816896
0.172608
0.186656
0.203328
0.220672
0.278368
0.385664
0.925184
3.353728
11.082976
0.196160
0.186848
0.222016
0.222944
0.271328
0.346816
0.929760
3.646848
11.041728
0.200768
0.194944
0.181120
0.215488
0.204736
0.349408
0.930848
3.456032
11.628416
0.190176
0.190336
0.197120
0.208896
0.241792
0.327296
0.518176
1.153024
3.096576
0.178176
0.203040
0.212992
0.215520
0.268288
0.377984
0.780928
1.943104
4.353152
0.189344
0.191456
0.217056
0.228576
0.294912
0.398368
0.782848
2.057472
5.873024
0.203264
0.191008
0.204224
0.279552
0.288288
0.404512
0.931680
2.831616
12.166816
0.202752
0.200192
0.204800
0.217632
0.270368
0.513888
1.639328
5.866208
22.168928
0.194560
0.167936
0.190464
0.237568
0.295968
0.513568
1.693376
5.631488
22.223680
0.179616
0.194560
0.210944
0.244000
0.302976
0.512192
1.580800
5.657056
21.893215
0.190080
0.178528
0.192736
0.240544
0.266688
0.466816
1.630304
6.077920
22.146175
0.196000
0.199136
0.213952
0.221984
0.229664
0.469568
1.621760
6.185664
22.979103
0.184320
0.165888
0.208896
0.210944
0.216704
0.309248
0.630784
1.374080
3.463264
0.196608
0.185568
0.217088
0.233312
0.289472
0.406720
1.030720
1.994752
4.576064
0.200704
0.186368
0.200736
0.235872
0.288480
0.412000
1.021952
2.273024
7.431904
0.186144
0.194560
0.204800
0.226720
0.305120
0.415712
1.058976
2.863968
12.456864
0.186880
0.184480
0.179680
0.210464
0.278304
0.526112
1.535136
6.213888
22.271488
0.170944
0.181888
0.202304
0.227008
0.402816
0.847872
2.974688
11.698784
42.810848
0.174144
0.172064
0.222304
0.223424
0.326720
0.820704
2.976704
11.104384
41.871487
0.197152
0.200704
0.192800
0.242816
0.330464
0.788032
2.964768
11.924064
41.582176
0.198496
0.202528
0.209056
0.222720
0.277696
0.818528
3.002592
12.070080
42.936607
0.167616
0.192512
0.178176
0.193344
0.243712
0.391136
0.635456
1.424384
5.214208
0.200704
0.186368
0.210944
0.243968
0.295744
0.590304
1.048512
2.103296
5.921472
0.203552
0.193024
0.185920
0.243712
0.277152
0.632576
1.056768
2.319104
9.270304
0.193888
0.198720
0.206976
0.240160
0.284384
0.624992
1.132800
3.749376
14.318496
0.192864
0.192480
0.223232
0.223776
0.309248
0.646528
1.605280
6.467616
23.500032
0.192672
0.194560
0.196512
0.228544
0.348928
0.842912
2.924032
11.819232
43.303745
0.194560
0.186176
0.192576
0.256032
0.524992
1.562912
5.631424
22.589600
81.170303
0.204800
0.194816
0.189376
0.258368
0.478944
1.412896
5.247264
21.024544
78.936928
0.208896
0.185280
0.208832
0.259424
0.468032
1.469184
5.665664
22.258720
84.436417
0.195616
0.198432
0.188128
0.210848
0.293664
0.376096
0.690112
2.082816
7.990560
0.166656
0.182304
0.182784
0.237568
0.399392
0.624224
1.125408
2.615840
9.635296
0.198656
0.202720
0.210944
0.242016
0.411648
0.634048
1.157440
3.121920
12.993760
0.195744
0.192512
0.211392
0.247808
0.407552
0.651264
1.289536
4.792032
18.207745
0.196608
0.201024
0.191776
0.248224
0.419840
0.670144
1.916576
7.414944
27.775776
0.208800
0.189792
0.211936
0.274240
0.434592
0.950272
3.153728
12.536992
47.198399
0.188896
0.198656
0.234560
0.256704
0.534080
1.525952
5.672288
23.072895
83.827393
0.199840
0.198464
0.210432
0.346432
0.807936
2.556736
10.263072
41.620800
155.345413
0.200256
0.200928
0.225248
0.327712
0.723008
2.426976
9.802272
38.762112
159.312057
0.178688
0.172032
0.184416
0.210912
0.255904
0.383264
0.915424
3.084288
11.924896
0.191328
0.208416
0.208896
0.287712
0.402208
0.666176
1.286208
4.487008
17.349440
0.188640
0.194720
0.208896
0.290496
0.426464
0.683392
1.435648
5.023136
20.777151
0.198656
0.194848
0.202176
0.311136
0.456672
0.708192
1.708128
6.724512
25.769184
0.208256
0.201248
0.215584
0.391168
0.459072
0.805056
2.465568
9.492192
35.419167
0.195008
0.185792
0.223904
0.307392
0.469600
1.134784
3.640608
14.406656
55.944351
0.186368
0.208736
0.228032
0.325536
0.560832
1.686880
6.379200
24.908319
92.716225
0.198560
0.207040
0.230240
0.336256
0.748224
2.360672
9.464480
38.602978
168.767578
0.209728
0.237696
0.258304
0.403552
1.065984
3.792800
15.436896
61.046368
265.662628
0.162784
0.168928
0.192512
0.198656
0.234688
0.260928
0.499712
1.273152
3.602816
0.166688
0.179904
0.210880
0.241664
0.311072
0.444352
0.732352
1.832896
4.684416
0.190624
0.222304
0.225280
0.296608
0.432128
0.684288
1.196032
2.693696
6.916448
0.212992
0.223104
0.260160
0.301056
0.440320
0.685280
1.205408
2.744992
6.959968
0.197184
0.197664
0.247840
0.315392
0.443424
0.676320
1.211840
2.629696
7.969152
0.190464
0.218944
0.222272
0.293280
0.422528
0.672928
1.199424
2.854176
7.909344
0.192768
0.210816
0.233472
0.311648
0.424992
0.645760
1.139712
2.805024
7.796512
0.201248
0.213920
0.230496
0.304736
0.413408
0.633248
1.166464
3.245824
7.806560
0.200704
0.212160
0.243872
0.293056
0.368576
0.637952
1.153952
2.654848
7.754240
0.197088
0.192320
0.198656
0.223232
0.247520
0.314880
0.661504
1.487040
4.676032
0.198272
0.202752
0.214208
0.239168
0.308512
0.436672
0.739168
1.780864
5.147648
0.202272
0.217088
0.258432
0.296960
0.435200
0.690368
1.222944
2.674304
6.947232
0.199680
0.200448
0.250432
0.305152
0.415904
0.688640
1.188896
2.706464
7.044160
0.203552
0.212992
0.241664
0.307200
0.439840
0.689376
1.199488
2.532768
8.034240
0.194560
0.218464
0.245760
0.317440
0.443584
0.663840
1.182592
2.886912
7.938752
0.210464
0.194272
0.243200
0.318464
0.411264
0.667776
1.147360
3.042080
7.808640
0.170048
0.209312
0.240512
0.306080
0.408032
0.647776
1.149888
2.599712
7.685696
0.208480
0.223584
0.246592
0.288000
0.387424
0.644384
1.149824
2.645344
6.930816
0.188864
0.176160
0.202528
0.213344
0.227328
0.317376
0.641024
1.591136
4.915136
0.169856
0.198656
0.196320
0.244128
0.309248
0.427008
0.770976
1.826816
4.973728
0.208896
0.192608
0.225280
0.303584
0.441856
0.665600
1.231872
2.658176
7.076544
0.208672
0.216384
0.223136
0.333152
0.439392
0.689984
1.183904
2.727808
7.342112
0.180224
0.211264
0.251488
0.312160
0.444416
0.688768
1.198016
2.640544
8.130624
0.211168
0.215040
0.248768
0.299648
0.436128
0.706656
1.167968
3.113824
7.940640
0.195456
0.209728
0.245760
0.313120
0.442336
0.665856
1.121120
2.457600
7.836992
0.213728
0.214496
0.226752
0.300256
0.426272
0.611232
1.178368
2.631968
6.720896
0.208928
0.221952
0.235744
0.283552
0.385984
0.627296
1.184672
2.632096
6.842496
0.184320
0.181792
0.198176
0.222336
0.241632
0.319616
0.655296
1.728416
4.131296
0.192512
0.199424
0.219968
0.253696
0.309248
0.422336
0.768000
2.107392
5.302080
0.198176
0.210304
0.241664
0.315392
0.437632
0.668576
1.202176
2.715648
7.266176
0.197216
0.215040
0.263392
0.316864
0.441376
0.690176
1.226688
3.444192
14.134912
0.203104
0.216800
0.243200
0.317408
0.439200
0.700608
1.235520
3.628128
15.887008
0.204928
0.215040
0.252288
0.311296
0.449952
0.705984
1.205344
3.642624
14.835840
0.200704
0.221024
0.235520
0.313696
0.436128
0.678816
1.183904
3.523680
13.730464
0.180224
0.225280
0.227584
0.319648
0.414368
0.637312
1.175616
3.548160
13.177088
0.199424
0.228480
0.238016
0.293344
0.394656
0.642112
1.175936
3.430144
14.152224
0.163904
0.186368
0.179456
0.190464
0.237664
0.340224
0.557824
1.522720
4.743168
0.173824
0.190464
0.215104
0.229376
0.314176
0.441152
0.804864
1.906944
5.852544
0.207456
0.224768
0.251904
0.301184
0.435648
0.679936
1.211040
2.411936
7.797888
0.217088
0.217792
0.244864
0.311968
0.432832
0.690400
1.257600
3.456640
14.610944
0.192288
0.215616
0.258592
0.320160
0.454208
0.709568
1.836480
6.849952
27.345793
0.179552
0.219136
0.251904
0.308160
0.453504
0.691776
1.944608
7.022368
27.173248
0.210304
0.217312
0.223904
0.293696
0.448416
0.658944
1.843968
6.803616
26.444864
0.203200
0.237568
0.252672
0.313984
0.397376
0.654048
1.797920
6.970080
27.150496
0.193056
0.202752
0.254112
0.268992
0.353760
0.652320
1.830272
7.214112
28.010080
0.191040
0.165184
0.198656
0.221184
0.217088
0.319488
0.525408
1.860608
5.827136
0.167936
0.177472
0.216704
0.246528
0.315680
0.450560
0.789504
1.987840
6.553920
0.209088
0.224640
0.236416
0.291776
0.432544
0.696256
1.228864
2.541920
9.492896
0.198688
0.212224
0.243040
0.303616
0.444544
0.715232
1.231296
3.703200
15.470048
0.207584
0.226112
0.225824
0.313696
0.440224
0.731808
1.829888
7.395424
27.317793
0.198560
0.215008
0.234944
0.301344
0.444512
1.020128
3.650016
13.885440
53.113186
0.202144
0.228096
0.255168
0.317984
0.441184
0.982624
3.436736
13.510752
52.807938
0.210944
0.225280
0.272288
0.373056
0.429504
0.937312
3.597696
14.021920
53.213665
0.199136
0.217216
0.244256
0.290496
0.399008
0.945312
3.528768
13.971552
53.608768
0.186784
0.198624
0.190496
0.209024
0.239616
0.319488
0.537856
1.947648
7.946240
0.202944
0.190464
0.219136
0.244448
0.322624
0.447296
0.761536
1.964032
8.649152
0.191936
0.212288
0.234560
0.305472
0.415744
0.686464
1.265856
2.706432
11.790976
0.183712
0.195136
0.232448
0.311296
0.427648
0.718976
1.322432
4.645856
17.527103
0.179328
0.220224
0.227360
0.310272
0.431744
0.702016
1.940992
7.701792
29.404415
0.200704
0.224928
0.247808
0.319488
0.456512
1.016064
3.616224
13.871648
53.090015
0.210048
0.204672
0.258048
0.327424
0.605984
1.857248
7.043968
26.671295
103.931137
0.202752
0.229248
0.234144
0.314144
0.568256
1.792864
6.956896
27.232897
104.482338
0.200736
0.217024
0.215616
0.267872
0.435808
1.340832
5.129088
20.131935
92.931198
0.186368
0.190048
0.202752
0.211360
0.266240
0.374368
0.850048
3.014848
12.246528
0.191616
0.206944
0.207744
0.247584
0.319648
0.473760
0.927744
3.043328
13.056992
0.204448
0.213216
0.242656
0.309248
0.447264
0.725856
1.325056
3.641696
15.752896
0.198880
0.196224
0.249504
0.319488
0.450560
0.743392
1.401696
5.823872
21.818336
0.214240
0.196896
0.249536
0.321536
0.445152
0.766176
2.307584
8.810816
33.657375
0.194560
0.227104
0.233696
0.325376
0.467648
1.110496
3.856256
14.807456
56.520897
0.210944
0.229888
0.264352
0.332704
0.605632
1.843584
6.952448
26.696960
104.025085
0.214496
0.228352
0.224352
0.410368
1.037696
3.504032
13.851488
53.363136
202.095963
0.197344
0.218688
0.231232
0.325504
0.701472
2.534752
10.016832
38.430466
178.651108
0.192160
0.189600
0.186880
0.198656
0.243712
0.405504
1.069056
3.792896
21.006336
0.182496
0.192160
0.215648
0.249856
0.329728
0.522176
1.466464
5.253888
22.061089
0.215840
0.211040
0.243040
0.316672
0.460928
0.758784
1.734656
5.842592
24.328575
0.198656
0.219136
0.247808
0.321408
0.463584
0.806912
1.950336
8.037984
30.310207
0.212800
0.196608
0.263392
0.331328
0.458176
0.858912
2.879104
11.163168
42.242527
0.215520
0.227328
0.268512
0.317248
0.465440
1.271712
4.400800
16.722656
65.900291
0.214880
0.231424
0.257376
0.313376
0.654400
1.998208
7.600608
28.943520
113.420670
0.184544
0.221504
0.237600
0.308992
0.746816
2.505984
9.922400
38.821407
204.090683
0.218080
0.208544
0.254848
0.436544
1.329696
4.866112
19.372864
74.428383
302.298279